.gitignore: 2025-12-18 05:35:15
.prettierrc: 2025-12-18 05:35:15
eslint.config.mjs: 2025-12-18 05:35:15
file_list.txt: 2026-01-30 22:52:51.393375
out.mp4: 2026-01-30 18:01:20.598455
package-lock.json: 2026-01-30 14:16:06.219986
package.json: 2026-01-30 14:16:06.133794
postcss.config.mjs: 2026-01-30 13:32:20.200061
README.md: 2026-01-30 13:32:20.199061
remotion.config.ts: 2026-01-30 13:32:20.200061
tsconfig.json: 2025-12-18 05:35:15