adult_smug_girl.png: 2026-01-30 14:03:58.076319
audio.mp4: 2026-01-30 16:21:16.343762
audio.wav: 2026-01-30 18:00:14.567173
bgm_drone.wav: 2026-01-30 17:41:36.386152
bgm_music.wav: 2026-01-30 17:53:29.768617
jimiko_climax_2.jpg: 2026-01-30 13:19:52.146409
jimiko_final.png: 2026-01-30 14:14:26.914541
jimiko_intimate.png: 2026-01-30 14:07:53.970164